{
 "cells": [
  {
   "cell_type": "code",
   "execution_count": 1,
   "metadata": {},
   "outputs": [
    {
     "name": "stdout",
     "output_type": "stream",
     "text": [
      "interval columns not set, guessing: ['Unnamed: 0', 'Rating', 'Votes', 'Meta Score', 'Year']\n"
     ]
    },
    {
     "name": "stderr",
     "output_type": "stream",
     "text": [
      "c:\\Users\\e1003118\\OneDrive - Enersense\\Tiedostot\\Advanced-data_analytics\\.venv\\lib\\site-packages\\phik\\data_quality.py:59: UserWarning: The number of unique values of variable Cast is large: 1823. Are you sure this is not an interval variable? Analysis for pairs of variables including Cast can be slow.\n",
      "  warnings.warn(\n",
      "c:\\Users\\e1003118\\OneDrive - Enersense\\Tiedostot\\Advanced-data_analytics\\.venv\\lib\\site-packages\\phik\\data_quality.py:59: UserWarning: The number of unique values of variable Moive Name is large: 1914. Are you sure this is not an interval variable? Analysis for pairs of variables including Moive Name can be slow.\n",
      "  warnings.warn(\n"
     ]
    },
    {
     "data": {
      "text/html": [
       "<div>\n",
       "<style scoped>\n",
       "    .dataframe tbody tr th:only-of-type {\n",
       "        vertical-align: middle;\n",
       "    }\n",
       "\n",
       "    .dataframe tbody tr th {\n",
       "        vertical-align: top;\n",
       "    }\n",
       "\n",
       "    .dataframe thead th {\n",
       "        text-align: right;\n",
       "    }\n",
       "</style>\n",
       "<table border=\"1\" class=\"dataframe\">\n",
       "  <thead>\n",
       "    <tr style=\"text-align: right;\">\n",
       "      <th></th>\n",
       "      <th>Unnamed: 0</th>\n",
       "      <th>Moive Name</th>\n",
       "      <th>Rating</th>\n",
       "      <th>Votes</th>\n",
       "      <th>Meta Score</th>\n",
       "      <th>Genre</th>\n",
       "      <th>PG Rating</th>\n",
       "      <th>Year</th>\n",
       "      <th>Duration</th>\n",
       "      <th>Cast</th>\n",
       "      <th>Director</th>\n",
       "    </tr>\n",
       "  </thead>\n",
       "  <tbody>\n",
       "    <tr>\n",
       "      <th>Unnamed: 0</th>\n",
       "      <td>1.000000</td>\n",
       "      <td>0.714962</td>\n",
       "      <td>0.296854</td>\n",
       "      <td>0.368084</td>\n",
       "      <td>0.115987</td>\n",
       "      <td>0.228545</td>\n",
       "      <td>0.000000</td>\n",
       "      <td>0.214800</td>\n",
       "      <td>0.190349</td>\n",
       "      <td>0.722521</td>\n",
       "      <td>0.316114</td>\n",
       "    </tr>\n",
       "    <tr>\n",
       "      <th>Moive Name</th>\n",
       "      <td>0.714962</td>\n",
       "      <td>1.000000</td>\n",
       "      <td>0.000000</td>\n",
       "      <td>0.995876</td>\n",
       "      <td>0.000000</td>\n",
       "      <td>0.987719</td>\n",
       "      <td>0.000000</td>\n",
       "      <td>0.000000</td>\n",
       "      <td>0.000000</td>\n",
       "      <td>0.999715</td>\n",
       "      <td>0.000000</td>\n",
       "    </tr>\n",
       "    <tr>\n",
       "      <th>Rating</th>\n",
       "      <td>0.296854</td>\n",
       "      <td>0.000000</td>\n",
       "      <td>1.000000</td>\n",
       "      <td>0.763217</td>\n",
       "      <td>0.720020</td>\n",
       "      <td>0.505791</td>\n",
       "      <td>0.300233</td>\n",
       "      <td>0.365076</td>\n",
       "      <td>0.551649</td>\n",
       "      <td>0.000000</td>\n",
       "      <td>0.870904</td>\n",
       "    </tr>\n",
       "    <tr>\n",
       "      <th>Votes</th>\n",
       "      <td>0.368084</td>\n",
       "      <td>0.995876</td>\n",
       "      <td>0.763217</td>\n",
       "      <td>1.000000</td>\n",
       "      <td>0.381738</td>\n",
       "      <td>0.000000</td>\n",
       "      <td>0.000000</td>\n",
       "      <td>0.336142</td>\n",
       "      <td>0.725948</td>\n",
       "      <td>0.000000</td>\n",
       "      <td>0.000000</td>\n",
       "    </tr>\n",
       "    <tr>\n",
       "      <th>Meta Score</th>\n",
       "      <td>0.115987</td>\n",
       "      <td>0.000000</td>\n",
       "      <td>0.720020</td>\n",
       "      <td>0.381738</td>\n",
       "      <td>1.000000</td>\n",
       "      <td>0.410415</td>\n",
       "      <td>0.268096</td>\n",
       "      <td>0.382672</td>\n",
       "      <td>0.277151</td>\n",
       "      <td>0.860168</td>\n",
       "      <td>0.763329</td>\n",
       "    </tr>\n",
       "    <tr>\n",
       "      <th>Genre</th>\n",
       "      <td>0.228545</td>\n",
       "      <td>0.987719</td>\n",
       "      <td>0.505791</td>\n",
       "      <td>0.000000</td>\n",
       "      <td>0.410415</td>\n",
       "      <td>1.000000</td>\n",
       "      <td>0.715747</td>\n",
       "      <td>0.709287</td>\n",
       "      <td>0.892300</td>\n",
       "      <td>0.999987</td>\n",
       "      <td>0.982047</td>\n",
       "    </tr>\n",
       "    <tr>\n",
       "      <th>PG Rating</th>\n",
       "      <td>0.000000</td>\n",
       "      <td>0.000000</td>\n",
       "      <td>0.300233</td>\n",
       "      <td>0.000000</td>\n",
       "      <td>0.268096</td>\n",
       "      <td>0.715747</td>\n",
       "      <td>1.000000</td>\n",
       "      <td>0.637816</td>\n",
       "      <td>0.510770</td>\n",
       "      <td>0.999930</td>\n",
       "      <td>0.965468</td>\n",
       "    </tr>\n",
       "    <tr>\n",
       "      <th>Year</th>\n",
       "      <td>0.214800</td>\n",
       "      <td>0.000000</td>\n",
       "      <td>0.365076</td>\n",
       "      <td>0.336142</td>\n",
       "      <td>0.382672</td>\n",
       "      <td>0.709287</td>\n",
       "      <td>0.637816</td>\n",
       "      <td>1.000000</td>\n",
       "      <td>0.518979</td>\n",
       "      <td>0.965014</td>\n",
       "      <td>0.904437</td>\n",
       "    </tr>\n",
       "    <tr>\n",
       "      <th>Duration</th>\n",
       "      <td>0.190349</td>\n",
       "      <td>0.000000</td>\n",
       "      <td>0.551649</td>\n",
       "      <td>0.725948</td>\n",
       "      <td>0.277151</td>\n",
       "      <td>0.892300</td>\n",
       "      <td>0.510770</td>\n",
       "      <td>0.518979</td>\n",
       "      <td>1.000000</td>\n",
       "      <td>0.990558</td>\n",
       "      <td>0.000000</td>\n",
       "    </tr>\n",
       "    <tr>\n",
       "      <th>Cast</th>\n",
       "      <td>0.722521</td>\n",
       "      <td>0.999715</td>\n",
       "      <td>0.000000</td>\n",
       "      <td>0.000000</td>\n",
       "      <td>0.860168</td>\n",
       "      <td>0.999987</td>\n",
       "      <td>0.999930</td>\n",
       "      <td>0.965014</td>\n",
       "      <td>0.990558</td>\n",
       "      <td>1.000000</td>\n",
       "      <td>0.999993</td>\n",
       "    </tr>\n",
       "    <tr>\n",
       "      <th>Director</th>\n",
       "      <td>0.316114</td>\n",
       "      <td>0.000000</td>\n",
       "      <td>0.870904</td>\n",
       "      <td>0.000000</td>\n",
       "      <td>0.763329</td>\n",
       "      <td>0.982047</td>\n",
       "      <td>0.965468</td>\n",
       "      <td>0.904437</td>\n",
       "      <td>0.000000</td>\n",
       "      <td>0.999993</td>\n",
       "      <td>1.000000</td>\n",
       "    </tr>\n",
       "  </tbody>\n",
       "</table>\n",
       "</div>"
      ],
      "text/plain": [
       "            Unnamed: 0  Moive Name    Rating     Votes  Meta Score     Genre  \\\n",
       "Unnamed: 0    1.000000    0.714962  0.296854  0.368084    0.115987  0.228545   \n",
       "Moive Name    0.714962    1.000000  0.000000  0.995876    0.000000  0.987719   \n",
       "Rating        0.296854    0.000000  1.000000  0.763217    0.720020  0.505791   \n",
       "Votes         0.368084    0.995876  0.763217  1.000000    0.381738  0.000000   \n",
       "Meta Score    0.115987    0.000000  0.720020  0.381738    1.000000  0.410415   \n",
       "Genre         0.228545    0.987719  0.505791  0.000000    0.410415  1.000000   \n",
       "PG Rating     0.000000    0.000000  0.300233  0.000000    0.268096  0.715747   \n",
       "Year          0.214800    0.000000  0.365076  0.336142    0.382672  0.709287   \n",
       "Duration      0.190349    0.000000  0.551649  0.725948    0.277151  0.892300   \n",
       "Cast          0.722521    0.999715  0.000000  0.000000    0.860168  0.999987   \n",
       "Director      0.316114    0.000000  0.870904  0.000000    0.763329  0.982047   \n",
       "\n",
       "            PG Rating      Year  Duration      Cast  Director  \n",
       "Unnamed: 0   0.000000  0.214800  0.190349  0.722521  0.316114  \n",
       "Moive Name   0.000000  0.000000  0.000000  0.999715  0.000000  \n",
       "Rating       0.300233  0.365076  0.551649  0.000000  0.870904  \n",
       "Votes        0.000000  0.336142  0.725948  0.000000  0.000000  \n",
       "Meta Score   0.268096  0.382672  0.277151  0.860168  0.763329  \n",
       "Genre        0.715747  0.709287  0.892300  0.999987  0.982047  \n",
       "PG Rating    1.000000  0.637816  0.510770  0.999930  0.965468  \n",
       "Year         0.637816  1.000000  0.518979  0.965014  0.904437  \n",
       "Duration     0.510770  0.518979  1.000000  0.990558  0.000000  \n",
       "Cast         0.999930  0.965014  0.990558  1.000000  0.999993  \n",
       "Director     0.965468  0.904437  0.000000  0.999993  1.000000  "
      ]
     },
     "execution_count": 1,
     "metadata": {},
     "output_type": "execute_result"
    }
   ],
   "source": [
    "# pip install phik\n",
    "import phik\n",
    "import pandas as pd\n",
    "\n",
    "# load data\n",
    "df = pd.read_csv(\"imdb_movie_data_2023.csv\")\n",
    "\n",
    "# compute phik-matrix values\n",
    "phik_matrix = df.phik_matrix()\n",
    "\n",
    "phik_matrix"
   ]
  },
  {
   "cell_type": "code",
   "execution_count": null,
   "metadata": {},
   "outputs": [],
   "source": [
    "# it took 5.53 minutes to generate this table\n",
    "#"
   ]
  }
 ],
 "metadata": {
  "kernelspec": {
   "display_name": ".venv",
   "language": "python",
   "name": "python3"
  },
  "language_info": {
   "codemirror_mode": {
    "name": "ipython",
    "version": 3
   },
   "file_extension": ".py",
   "mimetype": "text/x-python",
   "name": "python",
   "nbconvert_exporter": "python",
   "pygments_lexer": "ipython3",
   "version": "3.9.0"
  }
 },
 "nbformat": 4,
 "nbformat_minor": 2
}
