{
 "cells": [
  {
   "cell_type": "code",
   "execution_count": 1,
   "metadata": {},
   "outputs": [
    {
     "name": "stdout",
     "output_type": "stream",
     "text": [
      "interval columns not set, guessing: ['age', 'balance', 'day', 'duration', 'campaign', 'pdays', 'previous']\n"
     ]
    },
    {
     "data": {
      "text/html": [
       "<div>\n",
       "<style scoped>\n",
       "    .dataframe tbody tr th:only-of-type {\n",
       "        vertical-align: middle;\n",
       "    }\n",
       "\n",
       "    .dataframe tbody tr th {\n",
       "        vertical-align: top;\n",
       "    }\n",
       "\n",
       "    .dataframe thead th {\n",
       "        text-align: right;\n",
       "    }\n",
       "</style>\n",
       "<table border=\"1\" class=\"dataframe\">\n",
       "  <thead>\n",
       "    <tr style=\"text-align: right;\">\n",
       "      <th></th>\n",
       "      <th>age</th>\n",
       "      <th>job</th>\n",
       "      <th>marital</th>\n",
       "      <th>education</th>\n",
       "      <th>default</th>\n",
       "      <th>balance</th>\n",
       "      <th>housing</th>\n",
       "      <th>loan</th>\n",
       "      <th>contact</th>\n",
       "      <th>day</th>\n",
       "      <th>month</th>\n",
       "      <th>duration</th>\n",
       "      <th>campaign</th>\n",
       "      <th>pdays</th>\n",
       "      <th>previous</th>\n",
       "      <th>poutcome</th>\n",
       "      <th>deposit</th>\n",
       "    </tr>\n",
       "  </thead>\n",
       "  <tbody>\n",
       "    <tr>\n",
       "      <th>age</th>\n",
       "      <td>1.000000</td>\n",
       "      <td>0.575361</td>\n",
       "      <td>0.520057</td>\n",
       "      <td>0.274872</td>\n",
       "      <td>0.033014</td>\n",
       "      <td>0.247859</td>\n",
       "      <td>0.312015</td>\n",
       "      <td>0.110585</td>\n",
       "      <td>0.323367</td>\n",
       "      <td>0.105168</td>\n",
       "      <td>0.200722</td>\n",
       "      <td>0.080886</td>\n",
       "      <td>0.018552</td>\n",
       "      <td>0.120849</td>\n",
       "      <td>0.028200</td>\n",
       "      <td>0.122441</td>\n",
       "      <td>0.245598</td>\n",
       "    </tr>\n",
       "    <tr>\n",
       "      <th>job</th>\n",
       "      <td>0.575361</td>\n",
       "      <td>1.000000</td>\n",
       "      <td>0.460727</td>\n",
       "      <td>0.774534</td>\n",
       "      <td>0.054537</td>\n",
       "      <td>0.111781</td>\n",
       "      <td>0.397558</td>\n",
       "      <td>0.173822</td>\n",
       "      <td>0.371762</td>\n",
       "      <td>0.101742</td>\n",
       "      <td>0.338447</td>\n",
       "      <td>0.056294</td>\n",
       "      <td>0.034592</td>\n",
       "      <td>0.126102</td>\n",
       "      <td>0.028370</td>\n",
       "      <td>0.175462</td>\n",
       "      <td>0.233838</td>\n",
       "    </tr>\n",
       "    <tr>\n",
       "      <th>marital</th>\n",
       "      <td>0.520057</td>\n",
       "      <td>0.460727</td>\n",
       "      <td>1.000000</td>\n",
       "      <td>0.131382</td>\n",
       "      <td>0.008694</td>\n",
       "      <td>0.056911</td>\n",
       "      <td>0.025214</td>\n",
       "      <td>0.039039</td>\n",
       "      <td>0.190989</td>\n",
       "      <td>0.044444</td>\n",
       "      <td>0.140670</td>\n",
       "      <td>0.032519</td>\n",
       "      <td>0.037148</td>\n",
       "      <td>0.058495</td>\n",
       "      <td>0.063245</td>\n",
       "      <td>0.036246</td>\n",
       "      <td>0.059180</td>\n",
       "    </tr>\n",
       "    <tr>\n",
       "      <th>education</th>\n",
       "      <td>0.274872</td>\n",
       "      <td>0.774534</td>\n",
       "      <td>0.131382</td>\n",
       "      <td>1.000000</td>\n",
       "      <td>0.006493</td>\n",
       "      <td>0.101066</td>\n",
       "      <td>0.205996</td>\n",
       "      <td>0.138839</td>\n",
       "      <td>0.137614</td>\n",
       "      <td>0.061223</td>\n",
       "      <td>0.209072</td>\n",
       "      <td>0.028079</td>\n",
       "      <td>0.051120</td>\n",
       "      <td>0.088912</td>\n",
       "      <td>0.000000</td>\n",
       "      <td>0.116527</td>\n",
       "      <td>0.156287</td>\n",
       "    </tr>\n",
       "    <tr>\n",
       "      <th>default</th>\n",
       "      <td>0.033014</td>\n",
       "      <td>0.054537</td>\n",
       "      <td>0.008694</td>\n",
       "      <td>0.006493</td>\n",
       "      <td>1.000000</td>\n",
       "      <td>0.072945</td>\n",
       "      <td>0.006534</td>\n",
       "      <td>0.117145</td>\n",
       "      <td>0.026369</td>\n",
       "      <td>0.021149</td>\n",
       "      <td>0.076029</td>\n",
       "      <td>0.000000</td>\n",
       "      <td>0.055505</td>\n",
       "      <td>0.060987</td>\n",
       "      <td>0.000000</td>\n",
       "      <td>0.079322</td>\n",
       "      <td>0.060921</td>\n",
       "    </tr>\n",
       "    <tr>\n",
       "      <th>balance</th>\n",
       "      <td>0.247859</td>\n",
       "      <td>0.111781</td>\n",
       "      <td>0.056911</td>\n",
       "      <td>0.101066</td>\n",
       "      <td>0.072945</td>\n",
       "      <td>1.000000</td>\n",
       "      <td>0.119995</td>\n",
       "      <td>0.131235</td>\n",
       "      <td>0.118336</td>\n",
       "      <td>0.079002</td>\n",
       "      <td>0.131239</td>\n",
       "      <td>0.096034</td>\n",
       "      <td>0.000000</td>\n",
       "      <td>0.067923</td>\n",
       "      <td>0.000000</td>\n",
       "      <td>0.063229</td>\n",
       "      <td>0.146018</td>\n",
       "    </tr>\n",
       "    <tr>\n",
       "      <th>housing</th>\n",
       "      <td>0.312015</td>\n",
       "      <td>0.397558</td>\n",
       "      <td>0.025214</td>\n",
       "      <td>0.205996</td>\n",
       "      <td>0.006534</td>\n",
       "      <td>0.119995</td>\n",
       "      <td>1.000000</td>\n",
       "      <td>0.118955</td>\n",
       "      <td>0.157827</td>\n",
       "      <td>0.157555</td>\n",
       "      <td>0.607157</td>\n",
       "      <td>0.061124</td>\n",
       "      <td>0.000000</td>\n",
       "      <td>0.236955</td>\n",
       "      <td>0.000000</td>\n",
       "      <td>0.231417</td>\n",
       "      <td>0.314238</td>\n",
       "    </tr>\n",
       "    <tr>\n",
       "      <th>loan</th>\n",
       "      <td>0.110585</td>\n",
       "      <td>0.173822</td>\n",
       "      <td>0.039039</td>\n",
       "      <td>0.138839</td>\n",
       "      <td>0.117145</td>\n",
       "      <td>0.131235</td>\n",
       "      <td>0.118955</td>\n",
       "      <td>1.000000</td>\n",
       "      <td>0.011006</td>\n",
       "      <td>0.047349</td>\n",
       "      <td>0.231221</td>\n",
       "      <td>0.048756</td>\n",
       "      <td>0.023459</td>\n",
       "      <td>0.077867</td>\n",
       "      <td>0.036634</td>\n",
       "      <td>0.125404</td>\n",
       "      <td>0.171794</td>\n",
       "    </tr>\n",
       "    <tr>\n",
       "      <th>contact</th>\n",
       "      <td>0.323367</td>\n",
       "      <td>0.371762</td>\n",
       "      <td>0.190989</td>\n",
       "      <td>0.137614</td>\n",
       "      <td>0.026369</td>\n",
       "      <td>0.118336</td>\n",
       "      <td>0.157827</td>\n",
       "      <td>0.011006</td>\n",
       "      <td>1.000000</td>\n",
       "      <td>0.131721</td>\n",
       "      <td>0.740477</td>\n",
       "      <td>0.086590</td>\n",
       "      <td>0.070187</td>\n",
       "      <td>0.312261</td>\n",
       "      <td>0.159537</td>\n",
       "      <td>0.217571</td>\n",
       "      <td>0.155621</td>\n",
       "    </tr>\n",
       "    <tr>\n",
       "      <th>day</th>\n",
       "      <td>0.105168</td>\n",
       "      <td>0.101742</td>\n",
       "      <td>0.044444</td>\n",
       "      <td>0.061223</td>\n",
       "      <td>0.021149</td>\n",
       "      <td>0.079002</td>\n",
       "      <td>0.157555</td>\n",
       "      <td>0.047349</td>\n",
       "      <td>0.131721</td>\n",
       "      <td>1.000000</td>\n",
       "      <td>0.538626</td>\n",
       "      <td>0.074331</td>\n",
       "      <td>0.096127</td>\n",
       "      <td>0.200347</td>\n",
       "      <td>0.034040</td>\n",
       "      <td>0.139791</td>\n",
       "      <td>0.160928</td>\n",
       "    </tr>\n",
       "    <tr>\n",
       "      <th>month</th>\n",
       "      <td>0.200722</td>\n",
       "      <td>0.338447</td>\n",
       "      <td>0.140670</td>\n",
       "      <td>0.209072</td>\n",
       "      <td>0.076029</td>\n",
       "      <td>0.131239</td>\n",
       "      <td>0.607157</td>\n",
       "      <td>0.231221</td>\n",
       "      <td>0.740477</td>\n",
       "      <td>0.538626</td>\n",
       "      <td>1.000000</td>\n",
       "      <td>0.088876</td>\n",
       "      <td>0.137578</td>\n",
       "      <td>0.338613</td>\n",
       "      <td>0.092621</td>\n",
       "      <td>0.382111</td>\n",
       "      <td>0.392209</td>\n",
       "    </tr>\n",
       "    <tr>\n",
       "      <th>duration</th>\n",
       "      <td>0.080886</td>\n",
       "      <td>0.056294</td>\n",
       "      <td>0.032519</td>\n",
       "      <td>0.028079</td>\n",
       "      <td>0.000000</td>\n",
       "      <td>0.096034</td>\n",
       "      <td>0.061124</td>\n",
       "      <td>0.048756</td>\n",
       "      <td>0.086590</td>\n",
       "      <td>0.074331</td>\n",
       "      <td>0.088876</td>\n",
       "      <td>1.000000</td>\n",
       "      <td>0.000000</td>\n",
       "      <td>0.044839</td>\n",
       "      <td>0.000000</td>\n",
       "      <td>0.059089</td>\n",
       "      <td>0.571025</td>\n",
       "    </tr>\n",
       "    <tr>\n",
       "      <th>campaign</th>\n",
       "      <td>0.018552</td>\n",
       "      <td>0.034592</td>\n",
       "      <td>0.037148</td>\n",
       "      <td>0.051120</td>\n",
       "      <td>0.055505</td>\n",
       "      <td>0.000000</td>\n",
       "      <td>0.000000</td>\n",
       "      <td>0.023459</td>\n",
       "      <td>0.070187</td>\n",
       "      <td>0.096127</td>\n",
       "      <td>0.137578</td>\n",
       "      <td>0.000000</td>\n",
       "      <td>1.000000</td>\n",
       "      <td>0.045259</td>\n",
       "      <td>0.000000</td>\n",
       "      <td>0.115878</td>\n",
       "      <td>0.124695</td>\n",
       "    </tr>\n",
       "    <tr>\n",
       "      <th>pdays</th>\n",
       "      <td>0.120849</td>\n",
       "      <td>0.126102</td>\n",
       "      <td>0.058495</td>\n",
       "      <td>0.088912</td>\n",
       "      <td>0.060987</td>\n",
       "      <td>0.067923</td>\n",
       "      <td>0.236955</td>\n",
       "      <td>0.077867</td>\n",
       "      <td>0.312261</td>\n",
       "      <td>0.200347</td>\n",
       "      <td>0.338613</td>\n",
       "      <td>0.044839</td>\n",
       "      <td>0.045259</td>\n",
       "      <td>1.000000</td>\n",
       "      <td>0.338661</td>\n",
       "      <td>0.766818</td>\n",
       "      <td>0.320026</td>\n",
       "    </tr>\n",
       "    <tr>\n",
       "      <th>previous</th>\n",
       "      <td>0.028200</td>\n",
       "      <td>0.028370</td>\n",
       "      <td>0.063245</td>\n",
       "      <td>0.000000</td>\n",
       "      <td>0.000000</td>\n",
       "      <td>0.000000</td>\n",
       "      <td>0.000000</td>\n",
       "      <td>0.036634</td>\n",
       "      <td>0.159537</td>\n",
       "      <td>0.034040</td>\n",
       "      <td>0.092621</td>\n",
       "      <td>0.000000</td>\n",
       "      <td>0.000000</td>\n",
       "      <td>0.338661</td>\n",
       "      <td>1.000000</td>\n",
       "      <td>0.319088</td>\n",
       "      <td>0.082822</td>\n",
       "    </tr>\n",
       "    <tr>\n",
       "      <th>poutcome</th>\n",
       "      <td>0.122441</td>\n",
       "      <td>0.175462</td>\n",
       "      <td>0.036246</td>\n",
       "      <td>0.116527</td>\n",
       "      <td>0.079322</td>\n",
       "      <td>0.063229</td>\n",
       "      <td>0.231417</td>\n",
       "      <td>0.125404</td>\n",
       "      <td>0.217571</td>\n",
       "      <td>0.139791</td>\n",
       "      <td>0.382111</td>\n",
       "      <td>0.059089</td>\n",
       "      <td>0.115878</td>\n",
       "      <td>0.766818</td>\n",
       "      <td>0.319088</td>\n",
       "      <td>1.000000</td>\n",
       "      <td>0.444712</td>\n",
       "    </tr>\n",
       "    <tr>\n",
       "      <th>deposit</th>\n",
       "      <td>0.245598</td>\n",
       "      <td>0.233838</td>\n",
       "      <td>0.059180</td>\n",
       "      <td>0.156287</td>\n",
       "      <td>0.060921</td>\n",
       "      <td>0.146018</td>\n",
       "      <td>0.314238</td>\n",
       "      <td>0.171794</td>\n",
       "      <td>0.155621</td>\n",
       "      <td>0.160928</td>\n",
       "      <td>0.392209</td>\n",
       "      <td>0.571025</td>\n",
       "      <td>0.124695</td>\n",
       "      <td>0.320026</td>\n",
       "      <td>0.082822</td>\n",
       "      <td>0.444712</td>\n",
       "      <td>1.000000</td>\n",
       "    </tr>\n",
       "  </tbody>\n",
       "</table>\n",
       "</div>"
      ],
      "text/plain": [
       "                age       job   marital  education   default   balance  \\\n",
       "age        1.000000  0.575361  0.520057   0.274872  0.033014  0.247859   \n",
       "job        0.575361  1.000000  0.460727   0.774534  0.054537  0.111781   \n",
       "marital    0.520057  0.460727  1.000000   0.131382  0.008694  0.056911   \n",
       "education  0.274872  0.774534  0.131382   1.000000  0.006493  0.101066   \n",
       "default    0.033014  0.054537  0.008694   0.006493  1.000000  0.072945   \n",
       "balance    0.247859  0.111781  0.056911   0.101066  0.072945  1.000000   \n",
       "housing    0.312015  0.397558  0.025214   0.205996  0.006534  0.119995   \n",
       "loan       0.110585  0.173822  0.039039   0.138839  0.117145  0.131235   \n",
       "contact    0.323367  0.371762  0.190989   0.137614  0.026369  0.118336   \n",
       "day        0.105168  0.101742  0.044444   0.061223  0.021149  0.079002   \n",
       "month      0.200722  0.338447  0.140670   0.209072  0.076029  0.131239   \n",
       "duration   0.080886  0.056294  0.032519   0.028079  0.000000  0.096034   \n",
       "campaign   0.018552  0.034592  0.037148   0.051120  0.055505  0.000000   \n",
       "pdays      0.120849  0.126102  0.058495   0.088912  0.060987  0.067923   \n",
       "previous   0.028200  0.028370  0.063245   0.000000  0.000000  0.000000   \n",
       "poutcome   0.122441  0.175462  0.036246   0.116527  0.079322  0.063229   \n",
       "deposit    0.245598  0.233838  0.059180   0.156287  0.060921  0.146018   \n",
       "\n",
       "            housing      loan   contact       day     month  duration  \\\n",
       "age        0.312015  0.110585  0.323367  0.105168  0.200722  0.080886   \n",
       "job        0.397558  0.173822  0.371762  0.101742  0.338447  0.056294   \n",
       "marital    0.025214  0.039039  0.190989  0.044444  0.140670  0.032519   \n",
       "education  0.205996  0.138839  0.137614  0.061223  0.209072  0.028079   \n",
       "default    0.006534  0.117145  0.026369  0.021149  0.076029  0.000000   \n",
       "balance    0.119995  0.131235  0.118336  0.079002  0.131239  0.096034   \n",
       "housing    1.000000  0.118955  0.157827  0.157555  0.607157  0.061124   \n",
       "loan       0.118955  1.000000  0.011006  0.047349  0.231221  0.048756   \n",
       "contact    0.157827  0.011006  1.000000  0.131721  0.740477  0.086590   \n",
       "day        0.157555  0.047349  0.131721  1.000000  0.538626  0.074331   \n",
       "month      0.607157  0.231221  0.740477  0.538626  1.000000  0.088876   \n",
       "duration   0.061124  0.048756  0.086590  0.074331  0.088876  1.000000   \n",
       "campaign   0.000000  0.023459  0.070187  0.096127  0.137578  0.000000   \n",
       "pdays      0.236955  0.077867  0.312261  0.200347  0.338613  0.044839   \n",
       "previous   0.000000  0.036634  0.159537  0.034040  0.092621  0.000000   \n",
       "poutcome   0.231417  0.125404  0.217571  0.139791  0.382111  0.059089   \n",
       "deposit    0.314238  0.171794  0.155621  0.160928  0.392209  0.571025   \n",
       "\n",
       "           campaign     pdays  previous  poutcome   deposit  \n",
       "age        0.018552  0.120849  0.028200  0.122441  0.245598  \n",
       "job        0.034592  0.126102  0.028370  0.175462  0.233838  \n",
       "marital    0.037148  0.058495  0.063245  0.036246  0.059180  \n",
       "education  0.051120  0.088912  0.000000  0.116527  0.156287  \n",
       "default    0.055505  0.060987  0.000000  0.079322  0.060921  \n",
       "balance    0.000000  0.067923  0.000000  0.063229  0.146018  \n",
       "housing    0.000000  0.236955  0.000000  0.231417  0.314238  \n",
       "loan       0.023459  0.077867  0.036634  0.125404  0.171794  \n",
       "contact    0.070187  0.312261  0.159537  0.217571  0.155621  \n",
       "day        0.096127  0.200347  0.034040  0.139791  0.160928  \n",
       "month      0.137578  0.338613  0.092621  0.382111  0.392209  \n",
       "duration   0.000000  0.044839  0.000000  0.059089  0.571025  \n",
       "campaign   1.000000  0.045259  0.000000  0.115878  0.124695  \n",
       "pdays      0.045259  1.000000  0.338661  0.766818  0.320026  \n",
       "previous   0.000000  0.338661  1.000000  0.319088  0.082822  \n",
       "poutcome   0.115878  0.766818  0.319088  1.000000  0.444712  \n",
       "deposit    0.124695  0.320026  0.082822  0.444712  1.000000  "
      ]
     },
     "execution_count": 1,
     "metadata": {},
     "output_type": "execute_result"
    }
   ],
   "source": [
    "# pip install phik\n",
    "import phik\n",
    "import pandas as pd\n",
    "\n",
    "# load data\n",
    "df = pd.read_csv(\"bank.csv\")\n",
    "\n",
    "# compute phik-matrix values\n",
    "phik_matrix = df.phik_matrix()\n",
    "\n",
    "phik_matrix"
   ]
  },
  {
   "cell_type": "code",
   "execution_count": 2,
   "metadata": {},
   "outputs": [],
   "source": [
    "# "
   ]
  },
  {
   "cell_type": "code",
   "execution_count": null,
   "metadata": {},
   "outputs": [],
   "source": []
  }
 ],
 "metadata": {
  "kernelspec": {
   "display_name": ".venv",
   "language": "python",
   "name": "python3"
  },
  "language_info": {
   "codemirror_mode": {
    "name": "ipython",
    "version": 3
   },
   "file_extension": ".py",
   "mimetype": "text/x-python",
   "name": "python",
   "nbconvert_exporter": "python",
   "pygments_lexer": "ipython3",
   "version": "3.9.0"
  }
 },
 "nbformat": 4,
 "nbformat_minor": 2
}
